{
	"byRows": [
		[7, 17.5, 160, 1],
		[6, 14, 128, 0],
		[6.5, 15.75, 0, 0],
		[0.6, -4.9, 0, 0],
		[2.0001, 0.00035, 0, 0]
	],
	"byCols": [
		[7, 6, 6.5, 0.6, 2.0001],
		[17.5, 14, 15.75, -4.9, 0.00035],
		[160, 128, 0, 0, 0],
		[1, 0, 0, 0, 0]
	],
}
